batchsize: 1
bias_field_std: 0.5
bias_scale: 0.025
flipping: true
generation_labels:  [ 0, 14, 15, 16, 24, 72, 85, 502, 506, 507, 508, 509, 511, 512, 514, 515, 516, 530, 2, 3, 4, 5, 7, 8, 10, 11, 12, 13, 17, 18, 25, 26, 28, 30, 136, 137, 41, 42, 43, 44, 46, 47, 49, 50, 51, 52, 53, 54, 57, 58, 60, 62, 163, 164 ]
output_labels: [ 0, 14, 15, 16, 24, 0, 0, 0, 0, 0, 0, 0, 0, 0, 0, 0, 0, 0, 2, 3, 4, 5, 7, 8, 10, 11, 12, 13, 17, 18, 0, 26, 28, 0, 0, 0, 41, 42, 43, 44, 46, 47, 49, 50, 51, 52, 53, 54, 0, 58, 60, 0, 0, 0 ]
generation_classes: [ 0, 0,  0,  0,  0,  0,  0,  0,   0,   0,   0,   0,   0,   0,   0,   0,   0,   0,   1, 2, 0, 0, 0, 0, 0, 0, 0, 0, 0, 0, 0, 0, 0, 0, 0, 0, 0, 0, 0, 0, 0, 0, 0, 0, 0, 0, 0, 0, 0, 0, 0, 0, 0, 0 ]
n_neutral_labels: 18
labels_dir: ../data/training_label_maps
data_res: null
target_res: 0.5
randomise_res: false
max_res_aniso: 1.0
max_res_iso: 1.0
mix_prior_and_random: false
n_channels: 2
use_specific_stats_for_channel: true
nonlin_scale: 0.04
nonlin_std: 3.0
output_div_by_n: null
output_shape: null
prior_distributions: uniform
prior_means: [[0.001, 0.99, 0.49], [0.002, 1.0, 0.5], [0.001, 0.49, 0.99], [0.002, 0.5, 1.0]]
prior_stds: [[0.000001, 0.000001, 0.000001], [0.000002, 0.000002, 0.000002], [0.000001, 0.000001, 0.000001], [0.000002, 0.000002, 0.000002]]
return_gradients: false
rotation_bounds: 2
scaling_bounds: 0.02
shearing_bounds: 0.015
subjects_prob: null
thickness: null
translation_bounds: 0.0
